[ 1.12659258e+003  1.11657886e+003  1.11431564e+003  1.11231383e+003
  1.11057983e+003  1.09979565e+003  1.09435172e+003  1.09006965e+003
  1.08651174e+003  1.08143481e+003  1.07894889e+003  1.05893099e+003
  1.05319803e+003  1.05026949e+003  6.98631642e+147  5.71368521e+002
  5.70174895e+002  5.68788890e+002  5.67120674e+002  5.62908055e+002
  5.57138123e+002  5.54847081e+002  5.58303079e+002  5.60973991e+002
  5.62770543e+002  5.62836529e+002  5.62113863e+002  5.59296386e+002
  5.57843108e+002  5.53967121e+002  5.53095841e+002  5.52293252e+002
  5.53094322e+002  5.52915849e+002  5.49961078e+002  5.49612564e+002
  5.49922925e+002  5.51245102e+002  5.50875365e+002  5.49344703e+002
  5.45166936e+002 -1.71927773e-311  5.35911959e+002  5.28042201e+002
  5.24570976e+002  5.22189600e+002  5.20446974e+002  5.18779890e+002
  5.18464929e+002  5.20167117e+002  5.26040848e+002  5.26980820e+002
  5.35781701e+002  5.39025739e+002  5.42678420e+002  5.43518695e+002
  5.57076594e+002  5.62009759e+002  5.63112923e+002  5.68173401e+002
  5.69431422e+002  5.69518872e+002  5.67976024e+002  5.68142497e+002
  5.66713938e+002  5.64848690e+002  5.62133306e+002  5.60183209e+002
  5.57194724e+002  5.57295016e+002  5.58298626e+002  5.57396619e+002
  5.54599779e+002  5.52697243e+002  5.51688836e+002  5.51433724e+002
  5.52639205e+002  5.50664425e+002  5.46415302e+002 -6.88845756e-311
  0.00000000e+000  2.19169899e-230  1.83402660e+169 -3.43503950e-125
  4.27892622e-229 -1.97219785e-135 -5.91001031e-074 -7.13632345e+180
  2.21854103e-240  3.40414207e+253  5.10974448e+178 -6.01340779e+138
  1.78554552e+270  3.50783043e-299  5.72045123e-068 -1.55251380e+157
  6.45366562e+239  7.16059767e+099 -6.87834670e-223  2.16767004e-048
  4.14449015e-274  2.56384516e-198  1.59037178e+008  3.24512682e+032
 -2.01456775e-152 -6.83298970e+143 -2.72207684e+261 -3.79847686e+100
  6.93831772e-012  4.98781370e-192 -1.59603585e-180  2.74954517e-127
  2.86669867e-057 -6.82187610e-290 -2.84583512e-211  8.62143990e+263
  2.32988156e-035 -2.65998382e-104 -2.56681123e+063 -1.12780485e+045
 -2.95537476e-144  2.79174617e-027  5.49488665e+279 -8.99690282e+158
  2.63170519e+016 -4.95107324e-311 -3.40895235e+000 -1.49471643e-043
  1.42895584e-101  7.85177003e-160 -1.91220294e+112  2.62315614e-257
  3.43405075e+165  1.20016610e-115 -3.58303021e+076]